30
49
97
90
36
18
53
65
16
80
42
3
41
32
91
33
55
66
52
12
86
48
83
46
33
43
5
9
48
31
49
77
79
45
67
14
63
20
79
79
99
21
82
40
52
72
72
7
38
23
18
23
71
100
68
4
43
73
12
90
4
61
67
82
6
33
96
69
52
75
47
50
95
29
89
46
100
61
53
38
84
70
60
55
70
28
58
12
1
70
2
4
31
68
86
37
100
81
5
51
55
52
1
50
80
90
96
80
51
48
17
34
18
77
88
87
5
46
99
5
16
100
9
46
67
94
82
67
75
87
18
30
38
19
79
17
8
75
96
58
22
13
92
39
89
79
26
94
25
25
99
40
25
7
86
91
1
68
58
75
55
75
5
92
93
84
8
1
58
4
58
79
17
50
18
6
29
44
99
53
69
97
93
93
3
79
83
4
47
41
79
1
15
83
92
7
67
100
8
24
4
65
3
20
15
20
26
43
64
24
96
32
20
89
24
23
68
7
26
14
47
5
15
61
88
6
68
54
6
75
77
10
40
79
30
55
99
55
97
62
78
93
94
98
81
18
20
48
24
46
62
70
51
76
31
38
81
99
91
87
74
68
97
14
46
26
68
44
80
65
6
58
57
100
55
37
17
75
85
40
21
46
10
71
21
41
8
2
40
99
89
13
66
85
26
11
10
93
55
90
57
61
48
14
60
2
50
77
77
35
17
97
80
26
68
100
67
76
2
6
74
90
18
39
74
44
50
83
37
5
73
94
66
20
58
65
2
55
39
73
65
89
87
42
37
5
29
58
80
23
93
31
70
55
63
93
10
28
100
10
88
51
98
56
19
88
20
21
42
58
94
6
47
80
48
84
85
77
41
65
99
33
95
69
88
58
62
97
86
61
7
73
11
5
28
30
92
47
51
33
5
44
39
52
24
87
35
9
63
75
73
62
8
68
30
95
25
92
92
10
52
99
83
63
3
10
92
94
57
43
27
62
87
66
13
11
52
47
19
15
22
92
76
29
59
6
24
84
97
15
93
48
14
75
10
16
85
2
9
41
45
36
3
31
1
15
41
52
62
60
67
83
51
42
12
10
47
35
93
44
50
86
91
63
61
1
78
45
3
87
86
48
22
89
79
23
4
19
75
65
79
41
48
30
82
59
40
29
93
32
72
42
17
63
5
78
64
82
23
67
69
8
14
90
97
92
13
100
11
87
64
90
27
12
20
9
70
59
38
63
90
10
5
7
73
9
84
37
91
6
3
59
14
17
49
10
9
61
9
19
47
73
9
74
84
28
83
54
86
20
17
76
29
21
82
2
30
66
38
20
71
40
78
85
57
27
95
65
87
3
84
33
76
92
7
60
20
89
13
5
9
29
80
37
50
62
39
79
27
76
98
98
16
76
82
72
3
77
37
89
79
21
22
55
12
28
14
32
17
26
36
25
55
16
62
4
77
100
82
4
75
80
1
91
56
83
63
58
59
99
47
38
19
68
93
31
96
6
62
12
32
98
36
86
14
97
90
91
97
72
94
72
51
95
62
7
78
24
65
37
23
11
75
42
78
67
73
74
72
35
85
4
33
20
90
46
17
79
36
13
50
30
84
1
25
46
8
2
70
72
38
93
83
13
34
61
79
7
34
51
41
18
55
73
38
44
18
55
23
54
68
73
84
52
73
8
97
81
10
67
53
48
59
35
60
92
96
39
98
29
89
39
47
43
11
85
87
29
39
9
83
6
81
66
57
54
74
54
34
83
20
86
31
78
21
90
70
16
28
68
45
17
6
91
60
16
75
46
45
13
54
27
19
34
93
76
88
66
29
21
49
48
7
79
26
28
69
95
43
96
62
88
13
68
78
72
84
53
17
28
66
71
54
84
5
47
59
92
12
88
13
60
35
19
38
61
47
6
55
89
2
17
77
15
84
54
86
67
7
3
95
72
73
49
56
77
95
15
69
6
2
81
66
37
100
4
97
46
10
51
35
11
68
11
26
51
65
11
18
71
13
12
43
86
61
98
62
55
12
31
60
13
11
26
49
10
29
45
56
38
96
90
49
63
100
74
14
65
85
31
35
97
43
77
83
3
75
44
58
86
74
17
99
85
43
48
95
71
93
50
9
88
39
58
51
39
32
64
3
16
95
37
13
38
14
95
40
88
39
97
74
13
14
72
97
57
20
91
28
12
40
36
99
79
94
50
17
25
13
19
40
8
56
52
45
70
46
85
57
84
82
31
97
96
3
93
52
22
83
79
33
23
15
32
1
8
81
17
32
94
36
71
1
91
23
46
60
69
30
17
53
11
48
49
6
50
41
57
71
24
36
4
47
50
36
47
57
17
64
89
11
99
60
11
90
82
56
50
50
86
67
2
96
14
50
2
63
91
59
34
15
94
38
61
44
74
8
1
90
71
89
100
70
48
11
59
29
67
9
79
52
75
80
48
88
30
49
51
21
8
84
35
1
22
96
45
95
3
45
84
73
33
84
42
81
95
1
10
61
9
88
13
83
68
61
71
98
10
21
18
17
5
53
18
26
48
62
20
50
6
4
23
39
88
64
20
82
65
29
43
74
17
56
56
84
16
27
82
25
47
99
41
51
52
59
77
99
20
96
48
26
100
70
65
87
34
84
68
99
13
11
72
29
66
28
13
81
54
95
6
100
93
47
51
45
5
27
43
24
23
91
50
22
61
15
9
94
99
77
93
11
87
64
40
52
91
53
33
44
47
38
44
40
84
95
84
89
22
26
13
45
17
62
66
77
76
75
71
74
51
63
85
37
27
25
89
17
77
22
61
23
60
5
62
44
99
46
32
21
72
44
65
88
6
31
65
82
5
35
56
56
98
41
92
24
65
81
40
41
3
1
64
62
5
26
5
4
71
36
24
42
80
89
30
86
19
94
67
23
28
23
78
26
63
70
49
27
51
89
67
53
89
31
15
93
56
19
97
27
55
20
68
34
8
98
19
27
91
86
49
19
8
27
44
70
97
92
96
48
81
63
1
69
93
15
61
49
33
58
75
88
77
43
22
85
40
41
11
31
26
60
50
34
87
93
3
83
85
99
31
65
62
31
34
55
45
95
4
78
52
78
66
28
21
87
13
61
28
23
91
53
83
40
87
69
33
90
52
18
89
82
82
50
13
15
5
58
9
8
36
60
86
1
88
6
88
100
66
15
23
57
67
5
97
54
73
29
43
25
46
31
6
28
80
18
43
85
75
52
92
11
12
77
11
100
83
98
100
48
12
22
5
79
27
1
32
99
30
75
24
76
5
29
4
85
47
46
69
22
98
61
32
10
38
42
9
20
40
8
68
52
30
72
31
56
73
63
55
2
37
78
77
41
7
80
26
53
26
94
75
24
54
6
33
91
48
42
11
88
50
78
39
79
49
70
35
21
32
89
23
68
67
100
9
73
80
34
26
6
27
100
29
81
6
62
72
54
4
82
42
53
60
81
32
9
50
66
30
81
55
52
48
22
51
56
94
30
89
20
35
16
20
64
97
26
26
68
79
29
50
21
82
10
1
14
18
50
80
47
30
34
98
77
56
49
33
49
78
22
69
13
37
88
76
33
13
2
1
92
30
51
12
12
60
12
25
78
61
4
24
91
38
21
67
93
69
100
42
47
21
11
60
57
98
36
90
11
37
91
3
67
42
15
78
2
27
3
79
88
6
2
78
44
23
45
37
92
44
78
38
64
88
98
21
86
33
11
97
69
1
99
35
43
13
13
44
40
15
22
27
21
24
4
65
46
48
1
37
91
78
75
55
66
72
75
52
4
86
48
73
87
46
8
29
59
20
73
98
35
94
24
56
18
28
20
63
75
20
100
66
98
74
20
64
46
95
